{
  "advancedEditorSelectedIdentifier" : "ProjectBrowser",
  "openSceneRelativePaths" : [
    "Immersive.usda"
  ],
  "recentIdentifiers" : {
    "AF09ED6F-1707-48FD-8720-65B998362C09" : [

    ]
  },
  "sceneCameraHistory" : {
    "AF09ED6F-1707-48FD-8720-65B998362C09" : [
      {
        "date" : 738792506.275907,
        "title" : "Untitled",
        "transform" : [
          0.99999994,
          0,
          -0,
          0,
          -0,
          0.86602587,
          -0.49999914,
          0,
          0,
          0.49999914,
          0.86602587,
          0,
          -9.536743e-07,
          0.12337494,
          0.25434113,
          1
        ]
      },
      {
        "date" : 738708127.315517,
        "title" : "Untitled",
        "transform" : [
          0.99999994,
          0,
          0,
          0,
          0,
          0.86602587,
          -0.49999914,
          0,
          0,
          0.49999914,
          0.86602587,
          0,
          -4.8116474,
          -48.074608,
          46.841007,
          1
        ]
      },
      {
        "date" : 738708124.634549,
        "title" : "Untitled",
        "transform" : [
          0.99999994,
          0,
          0,
          0,
          0,
          0.86602587,
          -0.49999914,
          0,
          0,
          0.49999914,
          0.86602587,
          0,
          -4.836695,
          -47.944454,
          46.76586,
          1
        ]
      },
      {
        "date" : 738708121.240523,
        "title" : "Untitled",
        "transform" : [
          0.99999994,
          0,
          0,
          0,
          0,
          0.86602587,
          -0.49999914,
          0,
          0,
          0.49999914,
          0.86602587,
          0,
          -4.7812266,
          -48.33035,
          46.98866,
          1
        ]
      },
      {
        "date" : 738708098.491577,
        "title" : "Untitled",
        "transform" : [
          0.99999994,
          0,
          0,
          0,
          0,
          0.86602587,
          -0.49999914,
          0,
          0,
          0.49999914,
          0.86602587,
          0,
          2.9564204,
          -4.726576,
          21.052803,
          1
        ]
      },
      {
        "date" : 738708087.414399,
        "title" : "Untitled",
        "transform" : [
          0.99999994,
          0,
          0,
          0,
          0,
          0.86602587,
          -0.49999914,
          0,
          0,
          0.49999914,
          0.86602587,
          0,
          3.434198,
          8.164681,
          11.026904,
          1
        ]
      },
      {
        "date" : 738703646.232918,
        "title" : "Untitled",
        "transform" : [
          0.99999994,
          0,
          0,
          0,
          0,
          0.86602587,
          -0.49999914,
          0,
          0,
          0.49999914,
          0.86602587,
          0,
          0.19829273,
          5.027663,
          12.8380575,
          1
        ]
      },
      {
        "date" : 738703637.56261,
        "title" : "Untitled",
        "transform" : [
          0.99999994,
          0,
          0,
          0,
          0,
          0.86602587,
          -0.49999914,
          0,
          0,
          0.49999914,
          0.86602587,
          0,
          0.19829273,
          2.201336,
          7.9426985,
          1
        ]
      },
      {
        "date" : 738701556.207284,
        "title" : "Untitled",
        "transform" : [
          0.99999994,
          0,
          0,
          0,
          0,
          0.86602587,
          -0.49999914,
          0,
          0,
          0.49999914,
          0.86602587,
          0,
          3.2770126,
          26.524117,
          67.089554,
          1
        ]
      },
      {
        "date" : 738701530.484301,
        "title" : "Untitled",
        "transform" : [
          0.99999994,
          0,
          0,
          0,
          0,
          0.86602587,
          -0.49999914,
          0,
          0,
          0.49999914,
          0.86602587,
          0,
          0.08311319,
          4.1881227,
          7.851441,
          1
        ]
      }
    ]
  }
}