{
  "advancedEditorSelectedIdentifier" : "ProjectBrowser",
  "openSceneRelativePaths" : [
    "Immersive.usda",
    "SpiderMan.usda",
    "Scene.usda"
  ],
  "recentIdentifiers" : {
    "900C6BEF-18C8-4EB2-AB9D-9F001FDA7F1D" : [

    ],
    "AF09ED6F-1707-48FD-8720-65B998362C09" : [

    ]
  },
  "sceneCameraHistory" : {
    "900C6BEF-18C8-4EB2-AB9D-9F001FDA7F1D" : [
      {
        "date" : 742925957.569199,
        "title" : "Untitled",
        "transform" : [
          -0.9969201,
          -1.6040449e-09,
          -0.07842415,
          0,
          -0.024475487,
          0.95005226,
          0.31112996,
          0,
          0.07450704,
          0.31209117,
          -0.94712615,
          0,
          0.022742465,
          0.07674501,
          -0.29301038,
          1
        ]
      },
      {
        "date" : 742925954.531454,
        "title" : "Untitled",
        "transform" : [
          -0.99692005,
          1.7009416e-10,
          -0.078424156,
          0,
          -0.02447549,
          0.9500522,
          0.31113,
          0,
          0.074507035,
          0.31209117,
          -0.9471261,
          0,
          -0.08288343,
          0.10851827,
          -0.32908872,
          1
        ]
      },
      {
        "date" : 742921108.831349,
        "title" : "Untitled",
        "transform" : [
          -0.99692005,
          1.7009416e-10,
          -0.078424156,
          0,
          -0.02447549,
          0.9500522,
          0.31113,
          0,
          0.074507035,
          0.31209117,
          -0.9471261,
          0,
          0.025783462,
          0.08661631,
          -0.32775727,
          1
        ]
      },
      {
        "date" : 742920950.931858,
        "title" : "Untitled",
        "transform" : [
          -0.007248327,
          -1.393968e-10,
          -0.9999737,
          0,
          -0.067205265,
          0.9977391,
          0.00048713735,
          0,
          0.99771285,
          0.06720702,
          -0.007231941,
          0,
          0.33996984,
          0.002538542,
          -0.0024643142,
          1
        ]
      },
      {
        "date" : 742920928.030105,
        "title" : "Untitled",
        "transform" : [
          0.99865973,
          -1.7660096e-10,
          0.05175583,
          0,
          0.008660563,
          0.9859,
          -0.16711074,
          0,
          -0.051026076,
          0.16733502,
          0.9845787,
          0,
          -0.017493179,
          0.036760576,
          0.3375421,
          1
        ]
      },
      {
        "date" : 740514560.44561,
        "title" : "Untitled",
        "transform" : [
          0.99999994,
          0,
          0,
          0,
          0,
          0.8660254,
          -0.49999988,
          0,
          0,
          0.49999988,
          0.8660254,
          0,
          3.499685e-08,
          0.15209602,
          0.30407038,
          1
        ]
      },
      {
        "date" : 740514558.461994,
        "title" : "Untitled",
        "transform" : [
          0.99999994,
          0,
          -0,
          0,
          -0,
          0.8660254,
          -0.49999988,
          0,
          0,
          0.49999988,
          0.8660254,
          0,
          1.490116e-08,
          0.06476031,
          0.12946883,
          1
        ]
      },
      {
        "date" : 740514456.749789,
        "title" : "Untitled",
        "transform" : [
          0.99999994,
          0,
          -0,
          0,
          -0,
          0.8660254,
          -0.49999988,
          0,
          0,
          0.49999988,
          0.8660254,
          0,
          0,
          0.21014981,
          0.36399013,
          1
        ]
      }
    ],
    "06200458-F80D-4CFC-9D7E-977295E9D4F4" : [
      {
        "date" : 740514434.262153,
        "title" : "Untitled",
        "transform" : [
          0.99999994,
          0,
          0,
          0,
          0,
          0.8660254,
          -0.49999988,
          0,
          0,
          0.49999988,
          0.8660254,
          0,
          -7.5036276e-08,
          0.15470807,
          0.313403,
          1
        ]
      },
      {
        "date" : 740514415.292972,
        "title" : "Untitled",
        "transform" : [
          0.99999994,
          0,
          -0,
          0,
          -0,
          0.8660254,
          -0.49999988,
          0,
          0,
          0.49999988,
          0.8660254,
          0,
          -2.980232e-08,
          0.061445743,
          0.12447494,
          1
        ]
      },
      {
        "date" : 740514193.934961,
        "title" : "Untitled",
        "transform" : [
          0.99999994,
          0,
          0,
          0,
          0,
          0.8660254,
          -0.49999988,
          0,
          0,
          0.49999988,
          0.8660254,
          0,
          0,
          0.4584727,
          0.79409796,
          1
        ]
      },
      {
        "date" : 740514016.104258,
        "title" : "Untitled",
        "transform" : [
          0.99999994,
          0,
          -0,
          0,
          -0,
          0.8660254,
          -0.49999988,
          0,
          0,
          0.49999988,
          0.8660254,
          0,
          0,
          0.22917804,
          0.396948,
          1
        ]
      }
    ],
    "AF09ED6F-1707-48FD-8720-65B998362C09" : [
      {
        "date" : 740514007.868067,
        "title" : "Untitled",
        "transform" : [
          1,
          0,
          0,
          0,
          0,
          0.8660258,
          -0.4999994,
          0,
          0,
          0.4999994,
          0.8660258,
          0,
          0.43440032,
          2.814835,
          5.452445,
          1
        ]
      },
      {
        "date" : 738685967.314998,
        "title" : "Untitled",
        "transform" : [
          1,
          0,
          0,
          0,
          0,
          0.8660258,
          -0.4999994,
          0,
          0,
          0.4999994,
          0.8660258,
          0,
          -5.531311e-05,
          3.8897805,
          4.831826,
          1
        ]
      },
      {
        "date" : 738685959.751009,
        "title" : "Untitled",
        "transform" : [
          1,
          0,
          -0,
          0,
          -0,
          0.8660258,
          -0.4999994,
          0,
          0,
          0.4999994,
          0.8660258,
          0,
          0,
          3.9815214,
          4.7788587,
          1
        ]
      }
    ],
    "D66134B1-3681-4A8E-AFE5-29F257229F3B" : [
      {
        "date" : 740514563.14821,
        "title" : "Untitled",
        "transform" : [
          0.99999994,
          0,
          -0,
          0,
          -0,
          0.8660254,
          -0.49999988,
          0,
          0,
          0.49999988,
          0.8660254,
          0,
          0,
          0.21798372,
          0.37775895,
          1
        ]
      }
    ]
  },
  "selectedSceneRelativePath" : "SpiderMan.usda"
}